T = 100
test correct num =  13919.0 , ratio =  0.854922916283
auc =  0.905146595892

T = 200
test correct num =  13945.0 , ratio =  0.856519869787
auc =  0.905813767734

T = 500
test correct num =  13950.0 , ratio =  0.85682697623
auc =  0.906492324832