T = 100
test correct num =  13919.0 , ratio =  0.854922916283
auc =  0.905146595892

T = 200
test correct num =  13945.0 , ratio =  0.856519869787
auc =  0.905813767734